0 0 1
0 0 0
0 0 0
0 0 0
0 0 0
0 0 0
0 0 0
0 0 0
0 0 0
0 0 0
0 0 0
0 0 0
0 0 0
0 0 0
0 0 0
0 0 0
0 0 0
0 0 1
0 0 0
0 0 0
0 0 0
0 0 0
0 0 0
0 0 0
0 0 0
0 0 0
0 0 0
0 0 0
0 0 0
0 0 0
0 0 0
0 0 0
0 0 0
0 0 0
0 0 0
0 0 0
0 0 0
0 0 0
0 0 0
0 0 0
0 0 0
0 0 0
0 0 0
0 0 0
0 0 0
0 0 0
0 0 0
0 0 0
0 0 0
0 0 0
0 0 0
0 0 0
0 0 0
0 0 0
0 0 0
0 0 0
0 0 0
0 0 0
0 0 0
0 0 0
0 0 0
0 0 0
0 0 0
0 0 0
0 0 0
0 0 0
0 0 0
0 0 0
0 0 0
0 0 0
0 0 0
0 0 0
0 0 0
0 0 0
0 0 0
0 0 0
0 0 0
0 0 0
0 0 0
0 0 0
0 0 0
0 0 0
0 0 0
0 0 0
0 0 0
0 0 0
0 0 0
0 0 0
0 0 0
0 0 0
0 0 0
0 0 0
0 0 0
0 0 0
0 0 0
0 0 0
0 0 0
0 0 0
0 0 0
0 0 0
0 0 0
0 0 0
0 0 0
0 0 0
0 0 0
0 0 0
0 0 0
0 0 0
0 0 0
0 0 0
0 0 0
0 0 0
0 0 0
0 0 0
0 0 0
0 0 0
0 0 0
0 0 0
0 0 0
0 0 0
0 0 0
0 0 0
0 0 0
0 0 0
0 0 0
0 0 0
0 0 0
0 0 0
0 0 0
0 0 0
0 0 0
0 0 0
0 0 0
0 0 0
0 0 0
0 0 0
0 0 0
0 0 0
0 0 0
0 0 0
0 0 0
0 0 0
0 0 0
0 0 0
0 0 0
0 0 0
0 0 0
0 0 0
0 0 0
0 0 0
0 0 0
0 0 0
0 0 0
0 0 0
0 0 0
0 0 1
0 0 0
0 0 0
0 0 0
0 0 0
0 0 0
0 0 0
0 0 0
0 0 0
0 0 0
0 0 0
1 1 2
0 0 0
0 0 0
0 0 0
0 0 0
0 0 0
0 0 0
0 0 0
0 0 0
0 0 0
0 0 0
0 0 0
0 0 0
0 0 0
0 0 0
0 0 0
0 0 0
0 0 0
0 0 0
0 0 1
0 0 0
3 2 2
2 1 1
0 0 0
0 0 0
0 0 0
0 0 0
0 0 0
0 0 0
0 0 0
0 0 0
0 0 0
0 0 0
0 0 0
2 1 3
0 0 1
0 0 0
0 0 0
0 0 0
0 0 0
0 0 1
0 0 0
0 0 0
0 0 0
0 0 0
0 0 0
1 1 1
0 0 0
0 0 1
2 1 1
0 0 0
0 0 0
0 0 0
0 0 0
0 0 0
0 0 0
0 0 0
0 0 0
0 0 0
0 0 0
0 0 0
0 0 0
0 0 0
0 0 0
5 1 1
0 0 0
0 0 1
0 0 0
0 0 0
0 0 0
0 0 0
0 0 0
0 0 0
4 1 2
0 0 0
0 0 0
0 0 0
0 0 0
0 0 0
0 0 0
0 0 0
0 0 0
0 0 0
0 0 0
0 0 0
0 0 0
0 0 0
0 0 1
0 0 0
0 0 0
0 0 0
1 1 1
0 0 0
0 0 0
2 1 3
2 1 1
0 0 0
0 0 0
0 0 0
0 0 0
0 0 0
1 1 1
0 0 0
0 0 0
0 0 0
0 0 0
0 0 0
0 0 0
0 0 0
0 0 0
0 0 0
0 0 0
0 0 0
0 0 0
0 0 0
0 0 0
0 0 0
0 0 0
0 0 0
0 0 0
2 1 3
3 1 2
2 2 3
0 0 2
0 0 0
0 0 0
0 0 0
0 0 0
0 0 0
0 0 0
0 0 0
0 0 0
0 0 0
0 0 0
0 0 0
0 0 0
0 0 0
0 0 0
0 0 0
0 0 0
0 0 0
0 0 0
1 1 1
0 0 1
0 0 0
0 0 0
0 0 0
0 0 0
0 0 0
0 0 0
0 0 0
0 0 0
0 0 0
0 0 0
0 0 0
0 0 0
0 0 0
1 1 1
0 0 0
0 0 0
0 0 0
0 0 0
0 0 0
0 0 0
0 0 0
0 0 0
0 0 0
0 0 0
0 0 0
0 0 0
0 0 0
0 0 0
0 0 0
0 0 0
0 0 0
5 1 1
0 0 0
0 0 0
0 0 0
0 0 0
0 0 0
0 0 0
0 0 0
0 0 0
0 0 0
0 0 0
0 0 0
0 0 0
0 0 0
0 0 0
0 0 0
0 0 1
0 0 0
0 0 0
0 0 0
0 0 0
0 0 0
0 0 0
0 0 0
0 0 0
0 0 0
0 0 0
0 0 0
0 0 0
0 0 0
0 0 0
0 0 0
0 0 0
0 0 0
0 0 0
0 0 0
0 0 0
0 0 0
0 0 0
0 0 0
0 0 0
0 0 0
0 0 0
0 0 0
0 0 0
0 0 0
0 0 0
0 0 0
0 0 0
0 0 0
0 0 0
0 0 0
0 0 0
0 0 0
0 0 0
0 0 0
0 0 0
0 0 0
0 0 0
0 0 0
0 0 0
0 0 0
0 0 0
0 0 0
0 0 0
0 0 0
0 0 0
0 0 0
0 0 0
0 0 0
0 0 0
0 0 0
0 0 0
0 0 0
0 0 0
0 0 0
0 0 0
0 0 0
0 0 0
0 0 0
0 0 0
0 0 0
0 0 0
0 0 0
0 0 0
0 0 0
0 0 0
0 0 0
0 0 0
0 0 0
0 0 0
0 0 0
0 0 0
0 0 0
0 0 0
0 0 0
0 0 0
0 0 0
0 0 0
0 0 0
0 0 0
0 0 0
0 0 0
0 0 0
0 0 0
0 0 0
0 0 0
0 0 0
0 0 0
0 0 0
0 0 0
0 0 0
0 0 0
0 0 0
0 0 0
0 0 0
0 0 0
0 0 0
0 0 0
0 0 0
0 0 0
0 0 0
0 0 0
0 0 0
0 0 0
0 0 0
0 0 0
0 0 0
0 0 0
0 0 0
0 0 0
0 0 0
0 0 0
0 0 0
0 0 0
0 0 0
0 0 0
0 0 0
0 0 0
0 0 0
0 0 0
0 0 0
0 0 0
0 0 0
0 0 0
0 0 0
0 0 0
0 0 0
0 0 0
0 0 0
0 0 0
0 0 0
0 0 0
0 0 0
0 0 0
0 0 0
0 0 0
0 0 0
0 0 0
0 0 0
0 0 0
0 0 0
0 0 0
0 0 0
0 0 0
0 0 0
0 0 0
0 0 0
0 0 1
0 0 0
0 0 0
0 0 0
0 0 0
0 0 0
0 0 0
0 0 0
0 0 0
0 0 0
0 0 0
0 0 0
0 0 0
0 0 0
0 0 0
0 0 0
0 0 0
0 0 0
0 0 0
0 0 0
0 0 0
0 0 0
0 0 0
0 0 0
0 0 0
0 0 0
0 0 1
0 0 0
5 3 3
0 0 1
0 0 1
1 1 1
0 0 1
0 0 0
0 0 1
0 0 0
0 0 0
0 0 0
0 0 0
0 0 0
2 1 1
0 0 0
0 0 0
1 1 2
0 0 0
0 0 0
0 0 0
0 0 0
0 0 0
0 0 0
0 0 0
0 0 0
0 0 0
0 0 0
0 0 0
0 0 0
0 0 0
0 0 0
0 0 0
0 0 1
0 0 0
4 1 2
5 1 2
0 0 2
1 1 1
0 0 1
0 0 1
0 0 0
0 0 0
0 0 2
0 0 0
0 0 0
0 0 0
0 0 0
0 0 1
0 0 0
0 0 0
0 0 0
0 0 0
0 0 3
3 2 4
0 0 2
0 0 1
0 0 0
0 0 1
0 0 0
0 0 1
0 0 0
0 0 0
10 2 2
0 0 0
0 0 0
0 0 0
0 0 1
0 0 0
0 0 0
0 0 2
2 1 1
0 0 0
0 0 0
0 0 0
0 0 3
0 0 0
0 0 0
0 0 0
0 0 0
0 0 0
0 0 0
0 0 0
0 0 0
0 0 1
0 0 1
0 0 0
1 1 1
0 0 1
0 0 0
0 0 0
1 1 1
0 0 0
0 0 0
0 0 1
0 0 0
1 1 3
0 0 0
0 0 0
0 0 0
0 0 0
0 0 4
6 2 2
2 1 3
3 1 2
3 2 2
0 0 0
0 0 2
0 0 0
0 0 0
0 0 0
0 0 1
0 0 0
0 0 0
0 0 1
0 0 0
0 0 0
0 0 1
0 0 0
0 0 0
0 0 1
0 0 0
0 0 0
0 0 1
0 0 1
0 0 0
0 0 0
0 0 0
1 1 2
0 0 0
0 0 1
0 0 1
0 0 1
0 0 0
0 0 1
7 2 2
1 1 3
2 1 3
0 0 1
0 0 2
1 1 1
0 0 1
2 1 1
0 0 2
3 1 3
2 1 1
3 1 2
0 0 0
2 1 1
0 0 1
0 0 0
2 1 3
0 0 1
0 0 0
0 0 1
0 0 0
0 0 0
0 0 0
0 0 2
0 0 0
0 0 0
0 0 0
1 1 1
0 0 0
0 0 0
0 0 0
0 0 0
0 0 1
0 0 1
0 0 2
0 0 0
0 0 1
0 0 2
1 1 6
0 0 0
0 0 0
0 0 0
0 0 0
0 0 0
0 0 0
0 0 0
1 1 1
0 0 0
0 0 0
0 0 0
1 1 1
0 0 0
0 0 1
0 0 0
0 0 0
0 0 0
0 0 0
0 0 0
0 0 0
0 0 0
0 0 0
0 0 0
0 0 0
0 0 0
0 0 0
0 0 0
0 0 0
2 1 1
0 0 0
0 0 0
0 0 0
0 0 0
0 0 0
0 0 0
0 0 0
0 0 0
0 0 0
0 0 0
0 0 0
0 0 0
0 0 0
0 0 0
0 0 0
0 0 0
0 0 0
0 0 0
0 0 0
0 0 0
0 0 0
0 0 0
0 0 0
0 0 0
0 0 0
0 0 0
0 0 0
0 0 0
0 0 0
0 0 0
0 0 0
0 0 1
1 1 1
0 0 0
0 0 0
0 0 0
0 0 0
0 0 0
0 0 0
0 0 0
0 0 0
0 0 1
0 0 0
0 0 0
0 0 0
0 0 0
0 0 1
0 0 0
0 0 0
0 0 0
0 0 0
0 0 0
0 0 0
0 0 1
0 0 0
0 0 0
0 0 0
3 1 2
0 0 1
0 0 0
0 0 1
0 0 1
0 0 0
0 0 0
0 0 1
0 0 1
0 0 0
0 0 1
0 0 0
0 0 0
0 0 0
0 0 0
0 0 0
5 1 2
1 1 2
0 0 0
0 0 0
0 0 0
0 0 0
0 0 1
0 0 0
0 0 1
53 11 37
0 0 0
0 0 0
5 1 3
7 2 4
0 0 0
0 0 1
5 1 2
0 0 0
1 1 1
0 0 1
0 0 0
0 0 0
0 0 1
5 1 1
0 0 1
0 0 0
0 0 0
0 0 0
0 0 0
1 1 4
0 0 0
0 0 0
0 0 0
2 1 1
0 0 0
0 0 1
0 0 2
0 0 2
0 0 0
0 0 2
0 0 2
0 0 0
4 1 2
0 0 3
0 0 1
0 0 0
0 0 1
0 0 3
0 0 1
0 0 0
0 0 0
0 0 0
0 0 1
0 0 0
0 0 1
0 0 1
2 1 4
0 0 0
5 1 6
0 0 0
0 0 2
5 1 3
1 1 1
4 2 4
7 2 2
2 1 4
1 1 1
5 1 3
4 2 4
1 1 3
11 3 5
2 1 1
0 0 2
1 1 3
0 0 2
0 0 0
1 1 2
0 0 0
2 2 9
0 0 3
0 0 2
0 0 3
11 3 6
4 3 5
4 1 4
0 0 3
1 1 6
6 4 13
4 1 8
8 2 7
0 0 7
8 2 17
7 2 10
2 2 13
0 0 2
0 0 2
5 1 3
2 1 2
0 0 2
0 0 0
0 0 1
0 0 4
2 2 5
4 3 5
2 1 2
3 1 5
0 0 5
0 0 0
0 0 3
3 1 3
0 0 4
2 1 7
1 1 3
1 1 4
6 2 7
1 1 6
2 2 4
1 1 4
1 1 1
2 1 2
0 0 4
2 1 5
1 1 4
5 1 2
3 1 1
0 0 1
0 0 2
4 2 6
3 2 6
1 1 3
0 0 1
2 1 1
1 1 2
0 0 0
0 0 0
0 0 4
2 2 3
2 1 4
0 0 1
2 1 3
0 0 2
1 1 1
3 1 7
3 1 3
8 4 8
1 1 6
0 0 2
0 0 0
2 1 3
1 1 2
0 0 2
4 3 5
0 0 3
0 0 3
0 0 3
0 0 4
0 0 2
0 0 2
0 0 1
0 0 2
1 1 1
0 0 0
0 0 0
0 0 2
0 0 1
3 1 3
4 2 4
3 2 5
0 0 1
2 1 5
0 0 0
0 0 2
1 1 1
2 1 2
0 0 3
0 0 2
10 2 10
0 0 4
0 0 2
2 1 3
0 0 0
2 1 4
7 2 7
1 1 6
0 0 2
1 1 4
0 0 0
2 2 8
2 1 2
5 1 4
19 8 18
7 4 10
4 2 2
1 1 2
1 1 2
5 1 2
3 1 3
5 1 3
0 0 0
4 2 3
1 1 2
0 0 2
0 0 2
1 1 1
2 1 8
1 1 3
5 2 7
3 2 11
21 9 27
0 0 4
1 1 6
0 0 6
3 2 2
3 2 6
11 3 8
2 2 5
6 2 3
6 2 11
3 1 5
3 2 5
0 0 3
1 1 4
5 2 3
0 0 0
3 3 7
0 0 3
3 1 5
0 0 4
4 3 7
10 3 5
22 7 22
15 7 15
4 2 7
0 0 6
18 6 9
1 1 4
7 4 13
5 1 13
3 2 4
7 4 7
0 0 6
8 5 9
23 7 13
1 1 2
0 0 5
10 2 7
11 3 13
28 11 21
7 2 3
11 5 5
2 1 7
10 2 6
0 0 0
3 1 3
5 2 5
0 0 1
1 1 3
1 1 5
1 1 3
0 0 1
0 0 1
2 1 3
10 4 7
0 0 1
