1 1 2
0 0 0
1 1 1
0 0 1
0 0 1
0 0 0
3 1 1
0 0 0
0 0 0
0 0 1
6 2 3
0 0 0
0 0 0
0 0 1
3 1 1
0 0 1
4 1 1
0 0 1
0 0 0
0 0 0
0 0 0
0 0 0
0 0 0
0 0 2
0 0 0
0 0 1
0 0 1
0 0 0
0 0 1
0 0 1
0 0 0
0 0 1
0 0 0
0 0 0
0 0 0
0 0 0
0 0 0
0 0 0
6 2 2
4 1 1
0 0 0
0 0 1
0 0 1
0 0 1
0 0 0
0 0 3
0 0 0
0 0 1
0 0 0
0 0 0
0 0 0
0 0 0
0 0 2
0 0 0
5 1 2
0 0 0
0 0 0
5 1 3
0 0 1
0 0 0
2 1 1
0 0 0
0 0 1
1 1 1
0 0 0
1 1 1
0 0 2
0 0 0
0 0 1
0 0 1
0 0 1
0 0 0
0 0 1
5 1 1
0 0 0
0 0 0
0 0 0
0 0 0
0 0 1
1 1 2
2 1 2
0 0 1
5 3 3
0 0 0
0 0 1
1 1 1
0 0 1
0 0 1
0 0 2
0 0 0
0 0 0
0 0 0
0 0 0
0 0 0
4 1 4
0 0 0
0 0 0
0 0 0
0 0 0
0 0 0
0 0 0
0 0 0
0 0 0
0 0 0
0 0 0
0 0 0
0 0 0
0 0 0
0 0 0
0 0 0
0 0 0
0 0 0
0 0 0
0 0 0
0 0 0
0 0 0
0 0 0
0 0 0
0 0 0
0 0 0
0 0 0
0 0 2
0 0 2
7 2 3
0 0 2
0 0 0
0 0 0
0 0 1
8 2 4
0 0 0
0 0 0
0 0 0
0 0 0
0 0 1
0 0 0
0 0 2
0 0 0
0 0 0
1 1 1
4 2 3
0 0 0
0 0 3
0 0 0
0 0 0
0 0 0
0 0 0
0 0 0
0 0 0
0 0 0
0 0 0
0 0 0
4 1 2
0 0 1
0 0 1
0 0 1
0 0 0
0 0 0
5 1 2
0 0 0
6 2 2
0 0 1
0 0 0
0 0 1
2 2 2
5 1 1
0 0 2
0 0 2
0 0 0
0 0 1
0 0 0
0 0 1
0 0 1
0 0 4
6 2 2
0 0 0
0 0 3
0 0 1
0 0 1
0 0 2
0 0 1
3 2 2
0 0 2
2 1 1
0 0 0
0 0 1
0 0 2
0 0 4
5 1 6
0 0 1
0 0 0
0 0 0
0 0 1
0 0 1
0 0 1
0 0 0
0 0 1
2 1 1
4 1 1
0 0 0
0 0 2
0 0 0
0 0 1
0 0 1
1 1 1
0 0 0
0 0 0
0 0 1
2 1 2
0 0 0
0 0 0
0 0 0
0 0 0
0 0 0
0 0 1
0 0 0
0 0 0
0 0 1
0 0 1
2 1 2
0 0 1
0 0 1
1 1 5
1 1 2
0 0 1
0 0 3
1 1 4
0 0 1
2 1 1
0 0 0
0 0 2
0 0 0
0 0 0
3 1 1
0 0 4
0 0 5
2 1 7
1 1 3
0 0 0
0 0 0
0 0 0
0 0 0
0 0 0
0 0 0
0 0 0
0 0 0
0 0 0
0 0 0
0 0 0
0 0 0
0 0 0
0 0 0
0 0 0
0 0 0
0 0 0
0 0 0
0 0 0
0 0 0
0 0 0
0 0 0
0 0 0
0 0 0
0 0 0
0 0 0
0 0 0
0 0 0
0 0 0
0 0 0
0 0 0
0 0 0
0 0 0
0 0 0
0 0 0
0 0 0
0 0 0
0 0 0
0 0 0
0 0 0
0 0 0
0 0 0
0 0 0
0 0 0
0 0 0
0 0 0
0 0 0
0 0 0
0 0 0
0 0 0
0 0 0
0 0 0
0 0 0
0 0 0
0 0 0
0 0 1
0 0 0
0 0 0
0 0 0
0 0 0
0 0 0
0 0 1
0 0 1
2 2 4
0 0 2
0 0 0
0 0 0
0 0 0
0 0 0
0 0 0
0 0 1
0 0 1
0 0 0
0 0 0
0 0 0
0 0 1
0 0 0
4 1 1
0 0 0
5 1 3
0 0 0
0 0 0
0 0 1
0 0 0
0 0 1
0 0 0
1 1 1
0 0 1
0 0 0
2 1 1
0 0 1
0 0 0
0 0 0
0 0 0
0 0 0
0 0 1
0 0 0
0 0 1
0 0 3
0 0 4
0 0 4
0 0 1
5 1 1
0 0 0
0 0 0
5 1 3
0 0 0
0 0 1
0 0 0
0 0 0
0 0 0
0 0 0
0 0 0
0 0 1
0 0 1
0 0 2
5 1 3
0 0 0
0 0 2
0 0 3
1 1 2
0 0 1
0 0 2
0 0 2
0 0 1
2 1 1
0 0 0
0 0 3
2 2 3
3 1 1
0 0 3
5 1 1
0 0 1
0 0 1
0 0 2
0 0 0
0 0 1
0 0 0
0 0 0
0 0 2
0 0 0
0 0 0
0 0 0
0 0 0
0 0 0
0 0 0
0 0 0
0 0 0
0 0 0
1 1 1
0 0 0
0 0 0
0 0 0
0 0 0
0 0 2
0 0 0
0 0 0
5 1 1
0 0 3
0 0 0
2 1 1
6 2 5
0 0 0
0 0 0
1 1 1
0 0 0
0 0 0
0 0 0
0 0 1
0 0 0
0 0 0
0 0 0
0 0 0
0 0 0
0 0 0
0 0 0
0 0 1
0 0 1
0 0 1
0 0 0
0 0 0
0 0 1
0 0 0
0 0 1
0 0 1
0 0 1
0 0 0
0 0 0
0 0 0
0 0 0
0 0 0
0 0 0
0 0 0
0 0 0
0 0 0
0 0 0
0 0 1
0 0 0
0 0 0
0 0 0
0 0 0
0 0 0
0 0 0
0 0 1
0 0 1
0 0 1
0 0 0
0 0 0
0 0 0
0 0 0
0 0 1
0 0 0
2 1 1
0 0 0
0 0 1
0 0 1
1 1 1
0 0 3
0 0 0
0 0 1
0 0 0
0 0 0
0 0 0
0 0 1
0 0 1
1 1 1
0 0 1
0 0 0
5 2 2
0 0 0
0 0 1
1 1 2
0 0 3
0 0 1
0 0 1
0 0 0
0 0 2
0 0 0
0 0 4
0 0 6
0 0 0
0 0 1
1 1 2
0 0 0
6 2 5
6 2 5
1 1 1
0 0 3
0 0 1
2 2 5
0 0 2
0 0 2
2 1 1
2 1 4
0 0 1
3 2 2
0 0 0
5 1 1
0 0 1
0 0 0
0 0 6
0 0 4
0 0 2
0 0 4
0 0 0
1 1 1
0 0 4
6 2 2
2 1 2
0 0 1
0 0 0
0 0 1
0 0 0
1 1 2
0 0 0
0 0 0
1 1 2
0 0 1
0 0 0
0 0 0
0 0 0
7 2 8
0 0 2
0 0 7
0 0 1
0 0 4
0 0 1
3 2 7
2 1 3
0 0 2
0 0 2
5 1 3
0 0 3
1 1 1
5 1 1
7 2 5
0 0 2
0 0 2
0 0 2
2 1 2
3 1 3
0 0 1
4 1 4
0 0 3
0 0 3
0 0 4
0 0 2
0 0 2
1 1 5
1 1 3
1 1 3
1 1 5
2 1 2
1 1 4
0 0 2
0 0 2
0 0 4
0 0 4
0 0 0
3 1 4
0 0 4
1 1 4
0 0 2
2 1 4
0 0 2
0 0 1
1 1 2
0 0 4
0 0 4
1 1 5
0 0 1
4 1 7
1 1 2
0 0 4
2 1 6
0 0 2
2 1 3
4 1 4
3 2 4
3 2 6
0 0 3
1 1 7
1 1 4
0 0 2
0 0 1
0 0 0
0 0 1
0 0 1
0 0 2
0 0 1
1 1 2
0 0 1
0 0 0
0 0 0
0 0 0
5 1 1
1 1 1
0 0 2
0 0 2
0 0 0
0 0 0
0 0 1
1 1 1
0 0 1
0 0 6
1 1 2
0 0 1
2 1 3
1 1 1
0 0 1
0 0 1
2 2 2
0 0 1
0 0 1
0 0 1
0 0 0
0 0 1
4 1 1
1 1 1
0 0 1
0 0 1
0 0 1
0 0 0
0 0 0
0 0 0
0 0 2
0 0 1
0 0 0
0 0 0
0 0 0
0 0 1
0 0 0
0 0 0
0 0 3
1 1 2
0 0 0
0 0 1
0 0 0
4 1 1
0 0 0
0 0 0
0 0 1
0 0 0
3 1 2
0 0 1
0 0 1
0 0 3
0 0 0
0 0 0
0 0 0
0 0 1
0 0 0
0 0 1
0 0 0
1 1 2
0 0 0
0 0 0
0 0 1
0 0 1
0 0 0
0 0 2
0 0 1
0 0 0
0 0 0
0 0 0
0 0 1
0 0 0
0 0 0
0 0 1
0 0 2
5 1 3
0 0 1
0 0 0
0 0 1
0 0 1
0 0 0
0 0 2
0 0 1
7 2 2
0 0 0
0 0 0
1 1 3
0 0 0
0 0 0
0 0 0
0 0 0
0 0 0
0 0 0
1 1 4
0 0 2
7 2 3
0 0 1
0 0 0
0 0 2
0 0 0
0 0 3
1 1 3
0 0 0
0 0 0
0 0 0
0 0 0
0 0 1
0 0 0
5 1 1
1 1 1
0 0 0
0 0 0
0 0 0
0 0 0
1 1 4
0 0 2
0 0 1
0 0 0
0 0 1
0 0 1
0 0 0
0 0 1
0 0 2
8 4 7
4 2 2
5 3 5
10 4 5
11 6 8
10 5 7
0 0 0
10 5 8
11 5 7
4 3 4
4 3 6
0 0 1
1 1 1
5 1 2
0 0 2
2 1 1
0 0 0
0 0 1
0 0 0
0 0 2
5 3 7
0 0 0
0 0 1
0 0 1
0 0 0
0 0 1
5 1 2
0 0 1
0 0 2
0 0 0
0 0 0
0 0 0
0 0 0
3 2 5
5 2 2
5 1 1
5 1 1
5 1 1
5 1 2
0 0 0
0 0 0
0 0 1
0 0 0
5 3 5
6 3 5
13 6 8
0 0 2
0 0 0
0 0 2
0 0 1
0 0 0
0 0 0
0 0 1
0 0 0
0 0 2
0 0 1
0 0 1
0 0 1
0 0 1
0 0 0
0 0 0
0 0 0
0 0 0
5 1 1
0 0 1
0 0 0
0 0 0
0 0 0
0 0 0
0 0 1
0 0 1
0 0 0
0 0 1
0 0 1
0 0 2
0 0 1
0 0 1
0 0 0
0 0 0
0 0 1
0 0 0
0 0 0
0 0 1
0 0 0
1 1 1
0 0 0
0 0 1
0 0 1
0 0 0
1 1 1
0 0 0
0 0 0
0 0 0
0 0 0
0 0 0
0 0 0
0 0 1
0 0 0
0 0 1
0 0 0
0 0 0
0 0 1
0 0 0
5 3 5
0 0 0
0 0 1
0 0 0
0 0 0
0 0 1
0 0 1
0 0 1
0 0 0
1 1 1
0 0 1
1 1 1
0 0 1
2 1 2
6 3 8
5 3 6
0 0 0
0 0 1
0 0 0
0 0 0
0 0 1
7 3 6
1 1 2
0 0 1
1 1 1
0 0 0
0 0 0
0 0 1
6 3 5
12 5 8
0 0 2
2 2 3
0 0 0
8 4 6
5 1 2
1 1 3
0 0 0
0 0 1
0 0 0
0 0 1
0 0 0
2 1 1
2 1 2
4 2 2
2 1 2
0 0 1
0 0 1
0 0 0
0 0 1
8 4 7
8 4 8
0 0 1
0 0 1
0 0 0
0 0 1
0 0 1
8 2 2
1 1 1
0 0 0
0 0 0
0 0 0
0 0 0
0 0 0
0 0 1
1 1 2
2 1 1
0 0 1
0 0 0
3 2 6
0 0 7
0 0 2
0 0 2
0 0 2
0 0 2
1 1 3
0 0 2
0 0 2
0 0 1
1 1 3
2 1 1
