0 0 1
0 0 0
0 0 0
0 0 0
0 0 0
0 0 0
0 0 0
0 0 1
0 0 0
0 0 0
0 0 0
0 0 0
0 0 0
0 0 0
0 0 0
0 0 0
0 0 0
0 0 0
0 0 0
0 0 0
0 0 0
0 0 0
0 0 0
0 0 0
1 1 1
0 0 0
0 0 0
0 0 0
0 0 0
0 0 0
0 0 0
0 0 0
0 0 0
0 0 0
0 0 0
0 0 0
0 0 0
0 0 0
0 0 0
0 0 0
0 0 0
0 0 0
0 0 0
0 0 0
0 0 0
0 0 0
0 0 0
0 0 0
0 0 0
0 0 0
0 0 0
0 0 0
0 0 0
0 0 0
0 0 0
0 0 0
0 0 0
0 0 0
0 0 0
0 0 0
0 0 0
0 0 0
0 0 0
0 0 0
0 0 0
0 0 0
0 0 0
0 0 0
0 0 0
0 0 0
0 0 0
0 0 0
0 0 1
0 0 0
0 0 0
0 0 0
0 0 0
0 0 0
0 0 0
0 0 0
0 0 0
0 0 0
0 0 0
0 0 0
0 0 0
0 0 0
0 0 0
0 0 0
0 0 1
0 0 0
0 0 0
0 0 0
0 0 0
0 0 0
0 0 0
0 0 0
0 0 0
0 0 0
0 0 2
0 0 0
0 0 0
0 0 0
0 0 0
0 0 0
0 0 0
0 0 0
0 0 0
0 0 0
0 0 0
0 0 0
0 0 0
0 0 0
0 0 1
0 0 0
0 0 0
0 0 0
0 0 0
0 0 0
0 0 1
0 0 0
0 0 0
0 0 0
0 0 0
0 0 0
0 0 0
0 0 0
0 0 0
0 0 0
0 0 0
0 0 0
0 0 0
0 0 0
0 0 0
0 0 1
0 0 1
0 0 0
0 0 0
0 0 0
0 0 0
0 0 0
0 0 1
0 0 0
1 1 2
0 0 0
0 0 0
0 0 0
0 0 0
1 1 1
0 0 1
0 0 0
0 0 0
0 0 0
0 0 0
0 0 1
0 0 0
0 0 1
0 0 0
0 0 0
0 0 2
0 0 0
0 0 0
0 0 0
0 0 1
0 0 0
0 0 0
0 0 0
0 0 0
0 0 1
0 0 0
0 0 0
0 0 0
0 0 0
0 0 1
0 0 1
0 0 0
0 0 1
0 0 0
0 0 0
0 0 0
0 0 0
0 0 1
0 0 0
0 0 0
0 0 0
0 0 0
0 0 1
0 0 0
0 0 0
0 0 0
0 0 0
0 0 0
0 0 0
0 0 1
0 0 0
0 0 0
0 0 1
0 0 0
0 0 0
0 0 1
0 0 0
0 0 0
0 0 0
0 0 0
0 0 0
0 0 1
0 0 0
0 0 0
0 0 1
0 0 0
0 0 0
0 0 0
0 0 0
0 0 0
0 0 0
0 0 0
0 0 0
0 0 0
0 0 0
5 1 1
0 0 0
0 0 0
0 0 0
0 0 0
0 0 0
0 0 0
0 0 0
0 0 0
0 0 0
0 0 0
0 0 0
0 0 1
2 1 2
0 0 0
0 0 1
0 0 0
0 0 1
0 0 0
0 0 0
0 0 2
0 0 0
0 0 0
0 0 0
0 0 0
0 0 0
0 0 0
0 0 1
0 0 0
0 0 0
0 0 0
0 0 0
0 0 0
0 0 0
0 0 1
0 0 0
0 0 0
0 0 0
0 0 2
0 0 0
0 0 0
0 0 1
0 0 0
0 0 0
0 0 0
0 0 0
0 0 0
0 0 0
0 0 0
0 0 1
0 0 1
0 0 0
0 0 0
0 0 0
0 0 1
0 0 0
1 1 1
0 0 0
0 0 0
0 0 0
0 0 0
0 0 0
0 0 0
0 0 0
0 0 1
0 0 0
0 0 0
0 0 0
0 0 0
0 0 0
0 0 0
0 0 0
0 0 0
0 0 0
0 0 1
0 0 0
0 0 0
0 0 1
0 0 1
0 0 0
0 0 1
0 0 0
0 0 0
0 0 0
0 0 1
0 0 0
0 0 0
0 0 0
0 0 0
0 0 0
1 1 1
0 0 1
0 0 0
0 0 0
0 0 0
0 0 0
0 0 0
0 0 3
0 0 0
0 0 0
0 0 0
0 0 0
0 0 1
0 0 0
0 0 2
1 1 3
0 0 0
0 0 0
0 0 0
1 1 1
0 0 0
3 1 2
0 0 0
0 0 0
5 1 1
0 0 0
0 0 1
0 0 0
0 0 1
0 0 0
0 0 1
0 0 0
0 0 0
0 0 0
0 0 0
0 0 1
0 0 0
1 1 2
0 0 0
0 0 1
0 0 0
0 0 0
0 0 0
0 0 0
0 0 0
0 0 0
0 0 1
3 1 2
0 0 2
0 0 1
1 1 3
0 0 0
0 0 1
0 0 0
0 0 1
1 1 3
0 0 2
0 0 0
0 0 1
0 0 1
2 1 2
0 0 2
0 0 0
2 1 3
2 1 1
0 0 0
0 0 1
0 0 1
0 0 0
3 1 2
0 0 0
0 0 1
0 0 0
0 0 0
0 0 0
0 0 1
0 0 0
0 0 0
0 0 1
0 0 0
0 0 0
0 0 1
0 0 1
0 0 0
0 0 0
0 0 0
0 0 0
0 0 0
0 0 0
0 0 0
0 0 0
0 0 0
0 0 0
0 0 0
0 0 0
0 0 0
0 0 0
0 0 0
0 0 0
0 0 0
0 0 0
0 0 0
0 0 0
0 0 0
0 0 0
0 0 0
0 0 0
0 0 0
0 0 0
0 0 0
0 0 0
0 0 0
1 1 1
0 0 1
0 0 0
0 0 0
0 0 0
0 0 0
0 0 0
0 0 1
0 0 0
0 0 0
0 0 0
0 0 0
0 0 0
0 0 0
0 0 0
1 1 2
0 0 0
0 0 0
0 0 0
0 0 0
0 0 0
1 1 1
0 0 0
0 0 0
0 0 0
0 0 0
0 0 0
0 0 0
0 0 0
0 0 0
0 0 0
0 0 0
0 0 0
0 0 0
0 0 0
0 0 2
0 0 0
0 0 0
0 0 0
0 0 0
0 0 0
0 0 0
0 0 0
0 0 0
0 0 0
0 0 0
0 0 0
0 0 0
0 0 0
1 1 1
0 0 0
0 0 1
1 1 1
0 0 0
0 0 0
5 1 2
5 1 3
0 0 0
0 0 0
0 0 0
0 0 0
0 0 1
0 0 0
0 0 0
0 0 0
0 0 0
0 0 0
0 0 0
2 1 1
0 0 1
0 0 0
0 0 0
0 0 0
0 0 0
0 0 0
0 0 0
0 0 0
0 0 1
0 0 0
0 0 0
0 0 0
0 0 0
0 0 0
0 0 0
0 0 0
0 0 0
0 0 0
0 0 0
0 0 0
0 0 0
0 0 0
0 0 0
0 0 0
0 0 0
5 1 1
0 0 1
0 0 0
0 0 0
0 0 0
0 0 0
0 0 0
0 0 0
0 0 1
0 0 0
0 0 0
0 0 0
0 0 0
0 0 1
5 1 1
1 1 1
1 1 2
0 0 1
0 0 2
0 0 0
4 1 1
2 1 2
1 1 2
0 0 0
0 0 1
0 0 0
0 0 1
0 0 0
2 1 1
0 0 0
0 0 0
0 0 2
5 1 3
0 0 2
5 1 1
2 1 3
0 0 2
5 1 1
0 0 0
0 0 1
0 0 3
0 0 1
0 0 1
0 0 2
0 0 1
1 1 3
2 1 2
1 1 3
5 1 2
2 1 2
0 0 2
0 0 2
0 0 2
1 1 4
4 1 1
5 2 4
0 0 1
3 2 3
0 0 2
1 1 2
0 0 1
2 1 3
0 0 1
0 0 0
0 0 0
0 0 0
0 0 0
0 0 1
0 0 1
0 0 0
0 0 0
0 0 0
0 0 0
0 0 0
9 2 2
0 0 0
0 0 0
0 0 0
3 1 1
0 0 0
3 1 1
0 0 0
4 1 3
6 2 3
0 0 2
0 0 0
0 0 0
0 0 0
3 1 4
0 0 1
0 0 0
0 0 0
0 0 0
0 0 0
3 1 2
0 0 1
0 0 2
0 0 0
0 0 0
0 0 0
0 0 0
0 0 0
5 1 3
0 0 2
0 0 0
1 1 1
0 0 0
0 0 0
0 0 0
0 0 2
0 0 1
0 0 0
0 0 0
0 0 1
0 0 0
0 0 0
0 0 0
0 0 0
0 0 0
3 1 1
5 2 3
1 1 1
3 1 1
0 0 0
2 1 1
9 2 4
0 0 1
0 0 0
0 0 0
0 0 1
1 1 1
0 0 0
0 0 0
0 0 0
0 0 1
0 0 0
0 0 0
0 0 2
0 0 0
0 0 0
3 1 1
0 0 0
0 0 0
0 0 0
0 0 0
0 0 2
0 0 4
4 1 4
0 0 0
0 0 0
0 0 0
0 0 1
0 0 0
0 0 0
2 1 1
0 0 0
0 0 0
0 0 0
0 0 1
0 0 2
0 0 0
0 0 1
0 0 0
0 0 0
0 0 0
0 0 1
0 0 1
3 2 4
0 0 1
0 0 0
0 0 0
0 0 0
1 1 1
0 0 2
0 0 0
0 0 1
0 0 0
0 0 0
0 0 2
0 0 1
3 2 2
0 0 1
2 1 4
1 1 2
6 2 2
0 0 0
4 1 4
0 0 4
3 1 2
7 3 5
0 0 1
0 0 1
1 1 4
0 0 1
1 1 2
13 3 5
2 1 3
2 1 3
0 0 1
0 0 2
8 3 5
5 2 9
0 0 0
0 0 2
0 0 1
0 0 4
0 0 1
1 1 3
0 0 0
2 1 1
0 0 5
1 1 2
0 0 4
5 1 4
4 2 4
11 4 5
0 0 1
3 1 3
4 1 2
5 1 5
4 1 2
0 0 5
6 2 6
0 0 2
0 0 2
4 1 2
0 0 2
5 1 2
4 2 2
5 2 4
0 0 2
2 1 3
2 1 3
2 1 3
2 1 5
1 1 4
4 2 3
1 1 2
5 2 4
9 2 4
9 3 6
5 1 3
6 2 3
0 0 1
0 0 1
0 0 2
1 1 3
0 0 1
2 1 2
0 0 2
0 0 2
0 0 3
0 0 2
0 0 1
0 0 3
0 0 1
7 3 5
4 1 3
1 1 1
0 0 1
3 1 2
0 0 1
0 0 0
2 1 6
0 0 1
0 0 3
10 3 5
0 0 0
0 0 1
0 0 0
7 2 4
3 1 2
1 1 3
6 2 2
0 0 2
0 0 1
0 0 0
10 3 8
0 0 2
0 0 0
0 0 2
0 0 2
0 0 0
0 0 4
3 1 4
5 3 6
0 0 0
0 0 2
0 0 0
0 0 0
0 0 0
7 3 9
5 1 2
6 2 4
2 1 5
0 0 2
0 0 2
0 0 1
0 0 7
0 0 2
1 1 7
0 0 6
3 2 2
3 2 3
0 0 2
4 1 6
13 4 9
0 0 2
6 2 2
2 1 2
9 2 3
5 1 2
0 0 6
0 0 3
5 1 2
0 0 0
0 0 3
4 2 4
0 0 0
1 1 7
2 1 4
0 0 0
0 0 3
8 2 2
0 0 0
4 1 7
4 3 9
6 4 9
3 2 6
1 1 9
6 2 7
9 3 16
11 4 10
0 0 1
