0 0 1
0 0 0
0 0 0
0 0 0
0 0 0
1 1 1
0 0 0
0 0 0
0 0 0
0 0 0
0 0 0
0 0 0
0 0 0
0 0 0
0 0 0
0 0 0
0 0 0
0 0 0
0 0 0
0 0 0
0 0 0
0 0 0
0 0 1
0 0 0
0 0 0
0 0 0
0 0 0
0 0 0
0 0 0
0 0 0
0 0 1
0 0 0
0 0 0
0 0 0
0 0 0
0 0 0
0 0 0
0 0 0
0 0 0
0 0 0
0 0 0
0 0 1
0 0 0
0 0 0
4 1 1
0 0 0
0 0 0
5 1 1
0 0 1
0 0 0
0 0 0
0 0 0
0 0 1
0 0 0
0 0 0
0 0 0
0 0 0
0 0 0
0 0 0
0 0 0
0 0 0
0 0 0
0 0 0
0 0 0
0 0 0
0 0 0
0 0 0
0 0 0
0 0 1
0 0 0
0 0 0
0 0 0
0 0 0
0 0 0
0 0 0
0 0 0
0 0 0
0 0 0
0 0 1
0 0 0
0 0 0
0 0 0
0 0 0
0 0 0
0 0 0
0 0 0
0 0 0
0 0 0
0 0 0
0 0 0
0 0 0
0 0 0
0 0 0
0 0 0
0 0 0
0 0 0
0 0 0
0 0 0
0 0 0
0 0 0
3 1 1
0 0 0
0 0 0
0 0 0
0 0 0
0 0 1
0 0 1
0 0 0
0 0 0
0 0 0
0 0 1
0 0 0
1 1 1
0 0 0
0 0 1
0 0 0
0 0 0
0 0 0
0 0 0
0 0 0
0 0 0
0 0 0
0 0 0
0 0 0
0 0 0
0 0 0
0 0 0
0 0 0
0 0 0
0 0 1
0 0 0
0 0 0
0 0 0
0 0 0
0 0 0
0 0 0
1 1 1
0 0 0
0 0 0
0 0 0
0 0 0
0 0 0
0 0 0
0 0 0
0 0 0
0 0 0
0 0 0
0 0 0
0 0 0
0 0 0
0 0 0
0 0 0
0 0 0
0 0 0
0 0 0
0 0 0
0 0 0
0 0 1
0 0 0
0 0 0
0 0 0
0 0 0
0 0 0
0 0 0
0 0 0
0 0 0
0 0 0
0 0 0
0 0 0
0 0 1
2 1 1
0 0 1
0 0 0
0 0 0
0 0 0
0 0 1
0 0 0
0 0 0
0 0 0
0 0 0
0 0 0
0 0 0
0 0 1
0 0 0
0 0 0
0 0 0
0 0 1
0 0 0
0 0 0
4 1 1
0 0 0
0 0 0
0 0 0
0 0 0
0 0 4
4 1 5
0 0 3
0 0 0
0 0 0
0 0 1
0 0 0
0 0 1
0 0 0
0 0 0
0 0 0
0 0 0
0 0 0
0 0 0
0 0 0
0 0 1
0 0 0
0 0 1
0 0 0
1 1 1
2 1 2
0 0 2
3 2 4
0 0 5
0 0 2
2 1 1
1 1 4
0 0 6
0 0 2
0 0 0
0 0 2
0 0 2
0 0 4
0 0 1
0 0 0
0 0 0
0 0 0
0 0 0
0 0 0
0 0 0
0 0 0
0 0 0
0 0 0
0 0 0
0 0 0
0 0 0
0 0 0
0 0 0
0 0 0
0 0 0
0 0 0
0 0 0
0 0 0
0 0 0
0 0 0
0 0 0
2 1 1
0 0 0
0 0 0
0 0 0
0 0 0
0 0 0
0 0 0
0 0 0
0 0 0
2 1 1
0 0 0
0 0 0
0 0 0
0 0 0
0 0 1
0 0 1
0 0 1
0 0 0
0 0 0
0 0 0
0 0 0
0 0 0
0 0 0
0 0 0
0 0 0
0 0 0
0 0 0
2 1 1
0 0 0
0 0 0
0 0 0
0 0 0
0 0 0
0 0 0
0 0 1
0 0 0
0 0 0
0 0 0
0 0 0
0 0 0
0 0 2
0 0 1
0 0 0
0 0 1
0 0 0
0 0 0
0 0 0
0 0 0
0 0 0
0 0 0
0 0 0
0 0 0
0 0 0
0 0 0
0 0 0
0 0 1
0 0 0
0 0 0
0 0 0
0 0 0
0 0 0
0 0 0
0 0 1
0 0 1
0 0 0
0 0 0
0 0 0
0 0 0
0 0 0
0 0 0
0 0 1
0 0 0
0 0 0
0 0 0
0 0 0
0 0 0
0 0 0
0 0 0
0 0 0
0 0 0
0 0 0
0 0 0
0 0 0
0 0 0
0 0 0
0 0 0
0 0 0
0 0 0
0 0 0
0 0 0
0 0 0
0 0 0
1 1 1
0 0 0
1 1 1
0 0 0
0 0 1
0 0 0
0 0 1
0 0 1
0 0 1
0 0 1
0 0 0
0 0 0
0 0 0
0 0 0
0 0 0
0 0 0
0 0 1
0 0 3
1 1 2
0 0 2
0 0 1
2 1 1
0 0 0
0 0 1
0 0 0
0 0 0
0 0 1
0 0 0
0 0 0
0 0 0
0 0 0
0 0 0
0 0 0
0 0 1
0 0 1
0 0 0
0 0 0
0 0 0
0 0 0
0 0 1
0 0 2
0 0 1
0 0 0
0 0 0
2 1 2
0 0 0
0 0 0
0 0 1
0 0 1
0 0 0
2 1 1
0 0 0
0 0 0
0 0 0
0 0 0
0 0 0
0 0 0
0 0 0
0 0 0
0 0 0
0 0 0
0 0 1
0 0 2
0 0 0
0 0 0
0 0 0
0 0 0
0 0 0
1 1 1
0 0 0
0 0 0
0 0 0
0 0 0
0 0 0
0 0 0
0 0 0
0 0 0
0 0 0
0 0 0
0 0 0
0 0 1
0 0 0
0 0 0
3 2 3
0 0 0
0 0 0
0 0 0
0 0 0
0 0 0
0 0 2
1 1 2
0 0 0
0 0 0
0 0 0
0 0 0
0 0 0
0 0 2
0 0 2
0 0 0
0 0 0
0 0 0
0 0 0
0 0 0
1 1 2
0 0 1
0 0 0
0 0 0
0 0 0
0 0 0
0 0 0
0 0 3
1 1 1
0 0 0
0 0 0
0 0 0
0 0 0
0 0 0
0 0 2
3 2 4
0 0 0
0 0 0
0 0 0
0 0 0
0 0 0
0 0 2
0 0 1
0 0 0
0 0 1
0 0 1
5 2 3
0 0 9
3 2 5
3 2 11
0 0 9
3 2 3
0 0 1
2 2 7
0 0 0
0 0 1
0 0 5
0 0 3
2 1 5
5 2 4
2 1 3
1 1 2
0 0 3
4 1 8
0 0 4
1 1 7
1 1 5
2 1 2
1 1 4
16 6 10
0 0 8
2 1 7
0 0 3
6 2 6
8 3 8
0 0 1
0 0 9
0 0 3
0 0 6
1 1 7
7 2 5
4 3 6
0 0 6
1 1 7
3 2 14
2 1 10
5 1 9
0 0 2
2 1 9
5 1 15
0 0 8
5 2 5
1 1 4
1 1 5
5 2 9
0 0 3
4 1 9
7 4 7
2 1 5
8 4 7
1 1 4
1 1 4
8 4 10
8 4 17
15 3 12
2 1 5
5 1 7
0 0 8
0 0 4
0 0 1
2 1 6
5 1 4
3 2 6
2 1 6
2 2 7
8 3 7
1 1 8
0 0 5
0 0 9
4 2 7
0 0 5
2 1 2
2 1 9
0 0 3
14 5 15
4 1 6
0 0 9
2 1 5
2 2 8
8 3 12
2 2 6
2 2 11
0 0 1
6 2 9
6 2 7
2 1 5
14 4 7
5 1 3
4 2 4
1 1 7
0 0 3
0 0 5
0 0 5
1 1 8
0 0 3
0 0 7
0 0 5
0 0 2
0 0 2
0 0 2
2 1 4
1 1 5
0 0 0
1 1 3
2 1 5
0 0 2
0 0 4
1 1 3
0 0 3
1 1 2
1 1 3
4 2 3
0 0 2
0 0 2
6 2 4
1 1 5
0 0 1
0 0 1
0 0 4
0 0 0
1 1 5
1 1 6
2 1 4
0 0 1
0 0 0
2 1 1
0 0 2
0 0 1
0 0 4
0 0 2
0 0 1
0 0 4
0 0 0
0 0 2
0 0 3
0 0 2
0 0 0
3 1 1
5 1 5
0 0 0
0 0 0
0 0 0
0 0 1
0 0 1
0 0 1
1 1 2
3 1 1
7 2 6
0 0 0
0 0 0
0 0 1
0 0 1
0 0 1
2 1 4
0 0 4
0 0 0
0 0 0
0 0 4
0 0 1
0 0 6
0 0 0
2 2 3
2 1 1
0 0 1
1 1 3
0 0 0
0 0 3
0 0 2
6 2 2
0 0 0
0 0 1
0 0 1
0 0 0
6 2 6
0 0 2
0 0 2
0 0 0
2 1 2
0 0 0
0 0 0
0 0 0
0 0 1
0 0 3
0 0 3
0 0 3
0 0 0
0 0 0
0 0 2
0 0 2
0 0 2
0 0 0
0 0 0
0 0 0
0 0 0
3 3 9
1 1 3
0 0 0
0 0 0
0 0 0
0 0 0
0 0 1
0 0 10
0 0 0
0 0 1
0 0 0
0 0 0
0 0 0
0 0 0
6 2 3
0 0 0
0 0 0
0 0 0
0 0 0
0 0 0
0 0 0
0 0 1
0 0 0
0 0 0
0 0 0
0 0 0
0 0 0
0 0 1
0 0 3
0 0 1
0 0 1
0 0 1
5 2 5
2 1 8
4 2 15
2 1 4
2 1 11
15 3 12
0 0 6
0 0 0
0 0 2
0 0 4
1 1 6
1 1 4
0 0 0
0 0 3
6 3 6
0 0 6
7 3 9
2 1 7
1 1 2
6 4 12
0 0 2
0 0 3
0 0 5
2 1 3
0 0 1
2 1 3
0 0 9
0 0 0
0 0 0
0 0 0
0 0 0
2 1 2
0 0 1
0 0 0
0 0 1
0 0 0
0 0 0
0 0 0
0 0 5
0 0 0
0 0 0
0 0 2
0 0 0
0 0 0
0 0 0
0 0 0
0 0 1
0 0 0
0 0 3
2 1 3
0 0 4
0 0 7
10 8 12
0 0 5
0 0 0
0 0 0
0 0 0
0 0 0
5 2 3
6 3 8
4 1 2
0 0 0
0 0 3
0 0 0
0 0 0
0 0 0
0 0 1
