0 0 1
0 0 0
0 0 0
0 0 0
0 0 0
0 0 0
0 0 0
0 0 0
0 0 0
0 0 0
0 0 1
0 0 3
0 0 2
0 0 0
0 0 1
0 0 0
0 0 0
0 0 0
0 0 1
0 0 0
0 0 1
0 0 1
0 0 0
0 0 0
0 0 1
0 0 0
5 1 1
0 0 0
0 0 0
0 0 2
0 0 0
0 0 1
0 0 3
0 0 2
0 0 0
0 0 0
0 0 0
0 0 0
0 0 0
0 0 0
0 0 0
0 0 1
0 0 0
0 0 1
0 0 0
2 1 1
0 0 0
0 0 0
0 0 0
1 1 1
0 0 0
0 0 0
0 0 1
0 0 1
6 3 5
0 0 3
0 0 0
1 1 3
0 0 2
0 0 0
0 0 2
1 1 6
0 0 6
0 0 0
1 1 5
0 0 1
0 0 0
0 0 1
0 0 0
1 1 1
0 0 2
2 1 2
0 0 1
0 0 0
0 0 0
1 1 2
3 3 8
2 2 2
5 1 3
2 1 4
1 1 4
0 0 6
0 0 2
0 0 2
2 1 4
2 1 4
0 0 1
0 0 0
0 0 2
1 1 4
6 2 9
1 1 1
0 0 4
4 2 4
0 0 2
22 6 10
1 1 1
0 0 0
0 0 0
0 0 0
0 0 0
0 0 0
10 5 10
3 2 6
0 0 0
0 0 0
0 0 0
0 0 0
0 0 0
0 0 0
0 0 0
0 0 0
0 0 0
0 0 0
0 0 0
0 0 0
0 0 0
0 0 0
0 0 0
4 2 7
0 0 6
0 0 0
0 0 0
3 3 8
9 4 14
0 0 22
11 3 7
5 1 8
20 10 16
11 4 12
4 2 5
0 0 5
7 4 7
4 2 13
9 3 6
5 2 11
5 1 3
10 2 5
3 2 14
8 5 12
0 0 7
0 0 2
0 0 0
2 1 2
1 1 5
3 1 1
8 4 9
2 1 3
0 0 3
2 1 5
10 7 8
0 0 0
1 1 1
5 1 4
0 0 0
1 1 1
0 0 0
6 2 2
2 1 4
0 0 0
0 0 0
0 0 0
0 0 0
8 2 2
0 0 0
0 0 0
0 0 0
9 4 11
0 0 0
0 0 1
0 0 0
1 1 1
0 0 0
0 0 0
4 2 3
7 3 12
0 0 0
2 1 3
0 0 1
5 1 3
0 0 2
6 2 6
1 1 2
1 1 4
0 0 4
6 2 3
0 0 3
2 1 5
11 3 6
5 2 5
1 1 2
0 0 2
0 0 3
0 0 8
0 0 2
3 2 6
1 1 3
2 1 1
0 0 1
0 0 7
3 2 6
3 3 7
8 4 13
5 1 3
1 1 3
1 1 7
7 2 4
0 0 6
1 1 10
2 2 7
12 3 6
2 1 4
6 4 7
6 3 4
6 2 5
0 0 1
8 3 9
4 1 8
0 0 1
3 2 4
0 0 1
0 0 0
0 0 1
0 0 1
