2 1 1
0 0 0
0 0 0
0 0 0
0 0 0
0 0 0
0 0 0
0 0 0
0 0 0
0 0 0
0 0 0
0 0 0
0 0 0
0 0 0
0 0 0
0 0 0
0 0 0
0 0 0
0 0 0
0 0 0
0 0 0
0 0 0
0 0 0
0 0 0
0 0 0
0 0 1
0 0 1
0 0 0
0 0 0
0 0 0
2 1 1
4 1 2
0 0 0
0 0 0
0 0 0
0 0 0
0 0 0
0 0 1
0 0 0
0 0 0
0 0 0
0 0 0
0 0 0
0 0 0
0 0 0
0 0 0
0 0 0
0 0 0
0 0 0
0 0 0
2 1 1
0 0 2
3 1 1
2 1 1
0 0 0
0 0 0
0 0 0
2 2 3
0 0 1
3 1 1
0 0 0
0 0 0
0 0 0
0 0 0
0 0 0
0 0 0
0 0 0
0 0 0
0 0 0
0 0 0
0 0 0
0 0 0
0 0 2
0 0 0
0 0 0
0 0 0
0 0 0
0 0 0
0 0 0
0 0 0
0 0 0
0 0 0
0 0 0
0 0 0
0 0 0
0 0 0
0 0 0
0 0 1
0 0 1
0 0 0
0 0 0
0 0 0
0 0 0
0 0 0
0 0 0
0 0 0
0 0 0
0 0 0
0 0 0
0 0 0
0 0 0
0 0 2
0 0 0
0 0 0
0 0 0
0 0 0
0 0 0
0 0 0
0 0 1
0 0 0
0 0 0
0 0 0
0 0 0
2 1 1
0 0 0
0 0 0
0 0 1
0 0 0
0 0 0
0 0 0
0 0 0
0 0 0
1 1 1
0 0 0
0 0 0
0 0 0
0 0 0
0 0 0
0 0 0
0 0 0
0 0 0
0 0 0
0 0 0
0 0 0
0 0 0
0 0 1
0 0 0
0 0 0
0 0 0
0 0 0
0 0 0
0 0 0
0 0 0
0 0 0
0 0 0
0 0 0
0 0 0
0 0 0
0 0 0
0 0 0
0 0 0
0 0 0
0 0 0
0 0 0
0 0 0
0 0 0
0 0 0
0 0 0
0 0 0
0 0 0
0 0 0
0 0 0
0 0 0
0 0 0
0 0 0
0 0 0
0 0 1
0 0 0
0 0 0
0 0 0
0 0 1
0 0 0
0 0 0
0 0 0
0 0 0
0 0 1
0 0 0
0 0 0
0 0 0
0 0 0
0 0 0
0 0 0
0 0 0
0 0 0
0 0 0
0 0 0
0 0 1
0 0 0
0 0 0
0 0 0
0 0 1
0 0 0
0 0 0
0 0 0
0 0 0
0 0 0
0 0 0
0 0 0
0 0 0
0 0 0
0 0 0
0 0 0
0 0 0
0 0 0
0 0 0
0 0 0
0 0 0
0 0 0
0 0 0
0 0 0
0 0 2
0 0 0
0 0 0
0 0 0
0 0 0
0 0 0
0 0 0
0 0 0
0 0 0
0 0 0
0 0 0
0 0 0
0 0 0
0 0 0
0 0 0
0 0 0
0 0 0
0 0 0
0 0 0
0 0 0
0 0 0
0 0 0
0 0 0
0 0 0
0 0 0
0 0 0
0 0 0
0 0 0
0 0 0
0 0 0
0 0 0
0 0 0
0 0 0
0 0 0
0 0 0
0 0 0
0 0 0
0 0 0
0 0 0
0 0 0
0 0 0
0 0 0
0 0 0
0 0 0
0 0 0
0 0 0
0 0 0
0 0 0
0 0 0
0 0 0
0 0 0
0 0 0
0 0 0
0 0 0
0 0 0
0 0 0
0 0 0
0 0 0
0 0 0
0 0 0
0 0 0
0 0 0
0 0 0
0 0 0
0 0 0
0 0 0
0 0 0
0 0 0
0 0 0
0 0 0
0 0 0
0 0 0
0 0 0
0 0 0
0 0 0
0 0 0
0 0 0
0 0 0
0 0 0
0 0 0
0 0 0
0 0 0
0 0 0
0 0 0
0 0 0
0 0 0
0 0 0
0 0 0
0 0 0
0 0 0
0 0 0
0 0 0
0 0 0
0 0 0
0 0 0
0 0 0
0 0 0
0 0 0
0 0 0
0 0 0
0 0 0
0 0 0
0 0 0
0 0 0
0 0 0
0 0 0
0 0 0
0 0 0
0 0 0
0 0 0
0 0 0
0 0 0
0 0 0
0 0 0
0 0 0
0 0 0
0 0 0
0 0 0
0 0 0
0 0 0
0 0 0
0 0 0
0 0 0
0 0 0
0 0 0
0 0 0
0 0 0
0 0 0
0 0 0
0 0 0
0 0 0
0 0 0
0 0 0
0 0 0
0 0 0
0 0 0
0 0 0
0 0 0
0 0 0
0 0 0
0 0 0
0 0 0
0 0 0
0 0 0
0 0 0
0 0 0
0 0 0
0 0 0
0 0 0
0 0 0
0 0 0
0 0 0
0 0 0
0 0 0
0 0 0
0 0 0
0 0 0
0 0 0
0 0 0
0 0 0
0 0 0
0 0 0
0 0 0
0 0 0
0 0 0
0 0 1
0 0 0
0 0 0
0 0 0
0 0 0
1 1 1
0 0 0
0 0 0
1 1 1
0 0 0
0 0 1
1 1 1
0 0 0
0 0 2
0 0 0
0 0 0
0 0 0
0 0 0
0 0 0
0 0 0
0 0 0
0 0 2
0 0 0
0 0 0
0 0 0
0 0 0
0 0 0
0 0 0
0 0 0
0 0 0
0 0 0
0 0 0
0 0 0
0 0 0
0 0 0
0 0 0
0 0 0
0 0 0
0 0 0
0 0 0
0 0 1
0 0 0
6 2 3
0 0 0
0 0 0
0 0 0
0 0 2
0 0 0
0 0 1
0 0 0
0 0 0
0 0 0
0 0 0
0 0 0
0 0 0
0 0 0
0 0 0
0 0 0
0 0 0
0 0 0
0 0 0
0 0 0
0 0 0
0 0 0
0 0 0
0 0 0
0 0 0
0 0 0
0 0 0
2 1 1
0 0 0
0 0 0
0 0 0
0 0 0
0 0 0
0 0 0
0 0 0
0 0 0
0 0 0
0 0 0
0 0 0
0 0 0
0 0 0
0 0 1
0 0 0
0 0 0
0 0 0
0 0 0
0 0 0
0 0 2
0 0 1
0 0 0
0 0 0
0 0 0
0 0 0
0 0 0
0 0 0
0 0 0
0 0 1
0 0 0
3 1 1
0 0 0
0 0 0
0 0 0
0 0 0
2 1 1
0 0 1
0 0 0
0 0 0
0 0 0
0 0 0
0 0 0
0 0 0
0 0 1
0 0 0
0 0 0
0 0 0
0 0 1
0 0 1
0 0 0
0 0 0
0 0 0
0 0 0
0 0 0
0 0 0
0 0 0
0 0 0
0 0 2
0 0 0
0 0 0
0 0 0
0 0 1
0 0 2
0 0 0
0 0 0
0 0 0
0 0 0
0 0 0
0 0 0
0 0 0
0 0 0
0 0 0
0 0 0
0 0 0
0 0 0
0 0 0
7 2 4
15 4 5
0 0 1
0 0 0
5 1 1
5 1 1
0 0 0
0 0 1
0 0 3
0 0 3
1 1 1
2 2 3
0 0 0
6 2 2
4 1 3
5 1 1
0 0 3
0 0 0
0 0 0
0 0 0
0 0 0
0 0 1
0 0 0
0 0 0
0 0 0
0 0 0
0 0 2
1 1 2
0 0 2
0 0 0
0 0 0
0 0 0
0 0 0
0 0 0
0 0 0
0 0 0
0 0 0
0 0 0
0 0 0
0 0 0
0 0 0
0 0 1
2 2 4
0 0 0
0 0 3
0 0 0
0 0 0
0 0 0
1 1 2
0 0 0
0 0 0
0 0 0
1 1 1
7 2 2
0 0 0
0 0 0
0 0 1
0 0 0
0 0 1
0 0 0
0 0 0
0 0 0
0 0 0
0 0 0
0 0 0
0 0 0
0 0 0
0 0 0
0 0 0
0 0 0
0 0 0
0 0 0
0 0 0
0 0 0
0 0 0
0 0 0
0 0 0
0 0 0
0 0 0
0 0 0
0 0 0
0 0 0
0 0 0
0 0 1
0 0 2
0 0 0
0 0 0
0 0 0
0 0 0
0 0 0
0 0 0
0 0 0
0 0 0
0 0 0
0 0 0
0 0 0
0 0 0
0 0 1
0 0 2
0 0 0
0 0 0
0 0 0
0 0 0
0 0 0
0 0 0
0 0 0
0 0 0
0 0 0
0 0 0
0 0 0
0 0 0
0 0 0
1 1 2
0 0 0
0 0 0
0 0 0
0 0 0
0 0 0
0 0 0
0 0 0
0 0 0
1 1 1
0 0 0
0 0 0
0 0 0
1 1 2
10 2 2
0 0 0
0 0 2
0 0 0
0 0 0
0 0 0
5 1 1
1 1 2
1 1 1
3 1 1
0 0 0
0 0 0
0 0 0
0 0 0
0 0 0
6 2 3
4 2 3
10 2 4
4 1 2
2 1 1
3 3 4
5 2 2
0 0 0
0 0 0
0 0 0
0 0 0
0 0 0
0 0 0
0 0 0
0 0 0
0 0 0
0 0 0
0 0 0
0 0 0
0 0 1
0 0 0
0 0 0
0 0 1
0 0 0
0 0 0
0 0 0
0 0 0
0 0 0
0 0 0
0 0 0
0 0 0
0 0 0
0 0 0
0 0 1
0 0 0
4 1 6
1 1 5
0 0 5
2 1 2
0 0 1
1 1 1
0 0 1
0 0 2
0 0 0
1 1 1
0 0 0
0 0 1
3 2 3
0 0 0
0 0 0
0 0 0
0 0 0
0 0 2
1 1 3
0 0 3
0 0 2
0 0 1
0 0 4
0 0 4
0 0 1
0 0 1
5 1 3
0 0 1
0 0 1
0 0 0
0 0 1
1 1 2
0 0 2
0 0 2
1 1 2
0 0 2
0 0 0
1 1 3
0 0 1
0 0 0
0 0 0
0 0 0
0 0 0
0 0 0
0 0 1
0 0 0
0 0 0
0 0 0
0 0 0
0 0 0
0 0 0
0 0 0
0 0 1
0 0 1
1 1 1
2 1 3
0 0 0
2 1 3
0 0 3
0 0 1
9 3 9
8 4 6
0 0 3
0 0 1
0 0 1
1 1 4
0 0 0
0 0 0
8 2 4
0 0 3
0 0 0
0 0 2
0 0 1
0 0 1
5 1 2
0 0 0
8 2 3
0 0 0
8 2 4
11 3 7
9 3 4
3 1 1
11 3 4
0 0 0
0 0 0
0 0 0
0 0 0
0 0 0
0 0 0
0 0 0
15 4 5
13 4 5
11 3 4
1 1 3
0 0 1
11 3 6
13 3 4
3 1 4
15 4 4
10 2 3
9 2 7
10 3 4
9 2 6
14 4 4
9 2 3
10 3 5
15 4 6
10 2 2
19 5 6
12 3 7
16 4 6
19 5 6
19 5 6
15 4 5
6 2 2
20 5 7
0 0 0
1 1 1
0 0 1
0 0 0
0 0 0
0 0 1
0 0 0
0 0 0
0 0 0
0 0 2
0 0 0
0 0 2
0 0 0
0 0 0
0 0 0
0 0 0
0 0 1
0 0 0
0 0 0
0 0 0
0 0 0
0 0 0
0 0 0
0 0 0
0 0 0
0 0 0
0 0 0
0 0 0
1 1 2
2 1 3
0 0 0
0 0 0
0 0 1
0 0 1
0 0 0
1 1 1
0 0 0
0 0 0
0 0 0
0 0 0
5 1 2
0 0 0
0 0 0
0 0 3
0 0 0
0 0 0
5 1 1
5 1 1
0 0 0
0 0 0
3 2 2
0 0 0
0 0 0
0 0 0
0 0 0
0 0 1
0 0 0
2 1 4
0 0 0
0 0 0
2 1 1
0 0 1
0 0 1
5 1 1
0 0 1
4 1 1
0 0 0
0 0 1
0 0 0
0 0 1
0 0 2
0 0 6
0 0 0
20 4 5
0 0 0
0 0 0
0 0 0
0 0 0
0 0 0
0 0 1
0 0 0
0 0 1
3 1 2
0 0 1
5 2 2
0 0 3
1 1 2
0 0 0
0 0 0
0 0 0
0 0 0
0 0 0
0 0 0
0 0 0
0 0 2
0 0 2
1 1 2
0 0 0
0 0 2
0 0 2
0 0 0
2 1 4
0 0 1
0 0 3
0 0 0
0 0 3
0 0 0
0 0 0
4 2 4
0 0 2
0 0 1
0 0 4
2 1 1
0 0 0
0 0 0
0 0 1
0 0 0
0 0 0
0 0 0
0 0 0
1 1 4
7 2 3
7 3 4
1 1 3
0 0 1
0 0 1
0 0 0
0 0 1
6 2 2
0 0 1
0 0 0
0 0 0
5 1 1
0 0 0
1 1 4
0 0 0
0 0 0
0 0 0
0 0 0
0 0 0
0 0 0
0 0 2
3 2 2
0 0 0
1 1 1
0 0 3
0 0 0
0 0 0
1 1 1
0 0 0
0 0 0
0 0 1
0 0 2
0 0 3
0 0 0
0 0 0
0 0 3
0 0 2
0 0 0
0 0 3
0 0 0
0 0 1
0 0 3
0 0 1
0 0 0
0 0 0
0 0 4
0 0 2
0 0 0
0 0 1
0 0 1
0 0 0
0 0 1
0 0 0
0 0 3
0 0 0
3 1 2
0 0 1
0 0 1
0 0 1
0 0 0
0 0 0
0 0 0
3 1 4
0 0 2
0 0 2
0 0 2
0 0 0
4 2 2
0 0 0
0 0 0
0 0 5
8 3 11
5 1 2
12 3 3
0 0 0
0 0 2
15 4 5
0 0 3
0 0 2
4 1 1
0 0 2
2 1 1
0 0 0
2 1 5
0 0 0
5 1 3
0 0 0
0 0 0
0 0 0
0 0 0
0 0 0
0 0 0
0 0 0
0 0 0
0 0 1
0 0 0
2 1 2
0 0 0
0 0 0
0 0 0
0 0 0
0 0 2
0 0 0
0 0 0
0 0 1
0 0 1
0 0 0
0 0 0
0 0 0
0 0 0
0 0 0
0 0 0
0 0 1
0 0 0
0 0 0
0 0 0
0 0 0
0 0 0
0 0 0
0 0 0
0 0 0
0 0 0
0 0 0
0 0 0
0 0 0
0 0 0
0 0 2
0 0 0
0 0 0
0 0 1
0 0 0
0 0 1
0 0 0
0 0 0
1 1 2
4 1 2
0 0 2
0 0 0
3 1 2
0 0 0
7 2 3
5 1 1
0 0 0
0 0 0
2 1 2
5 2 2
0 0 0
0 0 0
0 0 0
0 0 1
0 0 1
0 0 0
0 0 0
0 0 0
0 0 0
0 0 1
0 0 1
0 0 2
0 0 0
0 0 1
0 0 0
5 1 2
0 0 0
1 1 4
0 0 0
0 0 0
0 0 0
0 0 0
0 0 0
0 0 1
0 0 1
0 0 0
0 0 0
0 0 1
0 0 0
0 0 0
0 0 0
1 1 1
0 0 0
0 0 0
0 0 0
0 0 0
0 0 1
0 0 0
0 0 0
0 0 0
0 0 0
0 0 0
0 0 0
0 0 0
2 1 1
0 0 1
0 0 0
1 1 2
0 0 1
0 0 0
0 0 0
0 0 0
0 0 0
0 0 0
0 0 1
0 0 0
0 0 1
